D = [-0.0967067042654253, 0.2152109767622542, -0.002033712036978734, -0.0016682373388972095, 0.0]
K = [1153.8007907418157, 0.0, 612.9635451567706, 0.0, 1152.8453868931324, 355.85270639349494, 0.0, 0.0, 1.0]
R = [1.0, 0.0, 0.0, 0.0, 1.0, 0.0, 0.0, 0.0, 1.0]
P = [1150.80126953125, 0.0, 612.3240951886692, 0.0, 0.0, 1149.0450439453125, 354.4906942501657, 0.0, 0.0, 0.0, 1.0, 0.0]
None
# oST version 5.0 parameters


[image]

width
1280

height
720

[narrow_stereo]

camera matrix
1153.800791 0.000000 612.963545
0.000000 1152.845387 355.852706
0.000000 0.000000 1.000000

distortion
-0.096707 0.215211 -0.002034 -0.001668 0.000000

rectification
1.000000 0.000000 0.000000
0.000000 1.000000 0.000000
0.000000 0.000000 1.000000

projection
1150.801270 0.000000 612.324095 0.000000
0.000000 1149.045044 354.490694 0.000000
0.000000 0.000000 1.000000 0.000000
